# Made in Blockbench 4.9.4
mtllib testAmmo.mtl

o package
v 0.8125000000000003 1.0625 1.6874999999999993
v -0.9374999999999997 1.0625 1.6874999999999998
v -0.9374999999999997 0.0625 1.6874999999999998
v 0.8125000000000003 0.0625 1.6874999999999993
v -0.9375000000000003 0.0625 -0.9375000000000002
v -0.9375000000000003 1.0625 -0.9375000000000002
v 0.8124999999999997 1.0625 -0.9375000000000007
v 0.8124999999999997 0.0625 -0.9375000000000007
vt 0.8359375 1
vt 0.6171875 1
vt 0.6171875 0.875
vt 0.8359375 0.875
vt 0.609375 0.796875
vt 0.609375 1
vt 0.3359375 1
vt 0.3359375 0.796875
vt 0.328125 0.78125
vt 0.328125 1
vt 0 1
vt 0 0.78125
vt 0.6640625 0.578125
vt 0.3359375 0.578125
vt 0.3359375 0.453125
vt 0.6640625 0.453125
vt 0 0.5544181034482759
vt 0.328125 0.5546875
vt 0.3257549157303371 0.7734375
vt 0 0.7734375
vt 0.328125 0.421875
vt 0.328125 0.546875
vt 0 0.546875
vt 0 0.421875
vn 2.5376526277146434e-16 0 1
vn -2.5376526277146434e-16 0 -1
vn 0 -1 0
vn 1 0 -2.5376526277146434e-16
vn 0 1 0
vn -1 0 2.5376526277146434e-16
usemtl m_9f0644a0-2da8-f390-2185-b3d7ebc95f46
f 1/1/1 2/2/1 3/3/1 4/4/1
f 5/5/2 6/6/2 7/7/2 8/8/2
f 4/9/3 3/10/3 5/11/3 8/12/3
f 7/13/4 1/14/4 4/15/4 8/16/4
f 6/17/5 2/18/5 1/19/5 7/20/5
f 3/21/6 2/22/6 6/23/6 5/24/6
o internalBox
v 0.75 0.125 0.43749999999999933
v 0.7499999999999996 0.125 -1.7499999999999996
v 0.7499999999999996 1 -1.7499999999999996
v 0.75 1 0.43749999999999933
v -0.875 0.125 0.4374999999999998
v -0.875 1 0.4374999999999998
v -0.8750000000000004 0.125 -1.7499999999999996
v -0.8750000000000004 1 -1.7499999999999996
vt 0.3359375 0.3359375
vt 0.609375 0.3359375
vt 0.609375 0.4453125
vt 0.3359375 0.4453125
vt 0.6171875 0.7421875
vt 0.8359375 0.7421875
vt 0.8359375 0.8671875
vt 0.6171875 0.8671875
vt 0 0.3046875
vt 0.2734375 0.3046875
vt 0.2734375 0.4140625
vt 0 0.4140625
vt 0.6171875 0.3359375
vt 0.8203125 0.3359375
vt 0.8203125 0.4453125
vt 0.6171875 0.4453125
vt 0.609375 1
vt 0.3359375 1
vt 0.3359375 0.796875
vt 0.609375 0.796875
vt 0.609375 0.5859375
vt 0.3359375 0.5859375
vt 0.3359375 0.7890625
vt 0.609375 0.7890625
vn 1 0 -2.0301221021717157e-16
vn 2.7328566760003855e-16 0 1
vn -1 0 2.0301221021717157e-16
vn 0 0 -1
vn 0 1 0
vn 0 -1 0
usemtl m_9f0644a0-2da8-f390-2185-b3d7ebc95f46
f 9/25/7 10/26/7 11/27/7 12/28/7
f 13/29/8 9/30/8 12/31/8 14/32/8
f 15/33/9 13/34/9 14/35/9 16/36/9
f 10/37/10 15/38/10 16/39/10 11/40/10
f 16/41/11 14/42/11 12/43/11 11/44/11
f 10/45/12 9/46/12 13/47/12 15/48/12
o flapTop
v 0.8124999999999998 1.0625 -0.9375000000000007
v 0.8124999999999998 1.0396714464121732 -0.9672507502609217
v 0.8124999999999996 1.6346864516306 -1.4238218220174623
v 0.8124999999999996 1.6575150052184267 -1.3940710717565412
v -0.9375000000000002 1.0625 -0.9375000000000002
v -0.9375000000000003 1.6575150052184267 -1.3940710717565408
v -0.9375000000000002 1.0396714464121732 -0.9672507502609213
v -0.9375000000000003 1.6346864516306 -1.4238218220174619
vt 0.5234375 0.125
vt 0.53125 0.125
vt 0.53125 0.25
vt 0.5234375 0.25
vt 0.28125 0.234375
vt 0.5 0.234375
vt 0.5 0.328125
vt 0.28125 0.328125
vt 0.5390625 0.125
vt 0.546875 0.125
vt 0.546875 0.25
vt 0.5390625 0.25
vt 0.671875 0.5234375
vt 0.890625 0.5234375
vt 0.890625 0.6171875
vt 0.671875 0.6171875
vt 0.515625 0.25
vt 0.5078125 0.25
vt 0.5078125 0.03125
vt 0.515625 0.03125
vt 0.2734375 0.078125
vt 0.265625 0.078125
vt 0.265625 0.296875
vt 0.2734375 0.296875
vn 1 2.348797720145616e-16 -1.8022958799711832e-16
vn 2.013255188696243e-16 0.6087614290087205 0.7933533402912353
vn -1 -1.1743988600728097e-16 9.011479399855895e-17
vn -1.5099413915221822e-16 -0.6087614290087205 -0.7933533402912353
vn -1.5364693644366138e-16 0.7933533402912365 -0.6087614290087189
vn 1.5529905403983019e-16 -0.7933533402912355 0.6087614290087204
usemtl m_9f0644a0-2da8-f390-2185-b3d7ebc95f46
f 17/49/13 18/50/13 19/51/13 20/52/13
f 21/53/14 17/54/14 20/55/14 22/56/14
f 23/57/15 21/58/15 22/59/15 24/60/15
f 18/61/16 23/62/16 24/63/16 19/64/16
f 24/65/17 22/66/17 20/67/17 19/68/17
f 18/69/18 17/70/18 21/71/18 23/72/18
o flapLeft
v 0.8124999999999987 0.0625 -0.9374999999999944
v 0.7778545175308258 0.06249999999999989 -0.9518506287136852
v 0.9931139482361886 0.06249999999999312 -1.471532865751284
v 1.0277594307053617 0.06249999999999323 -1.4571822370375933
v 0.8125000000000004 1.0625 -0.9375000000000069
v 1.0277594307053635 1.0624999999999933 -1.4571822370376057
v 0.7778545175308276 1.0625 -0.9518506287136976
v 0.9931139482361904 1.0624999999999931 -1.4715328657512965
vt 0.265625 0.078125
vt 0.2734375 0.078125
vt 0.2734375 0.296875
vt 0.265625 0.296875
vt 0.5078125 0.2578125
vt 0.6328125 0.2578125
vt 0.6328125 0.328125
vt 0.5078125 0.328125
vt 0.6171875 0.1796875
vt 0.625 0.1796875
vt 0.625 0.25
vt 0.6171875 0.25
vt 0.640625 0.2578125
vt 0.765625 0.2578125
vt 0.765625 0.328125
vt 0.640625 0.328125
vt 0.3046875 0.4140625
vt 0.296875 0.4140625
vt 0.296875 0.34375
vt 0.3046875 0.34375
vt 0.2890625 0.34375
vt 0.28125 0.34375
vt 0.28125 0.4140625
vt 0.2890625 0.4140625
vn -1.8721807090494662e-15 -1 1.2256250921551286e-14
vn 0.9238795325112868 3.117336600489903e-15 0.38268343236508984
vn 4.531882216045946e-15 1 -1.094093150905553e-14
vn -0.9238795325112871 -3.1173366004898985e-15 -0.3826834323650895
vn 0.3826834323650887 -1.2166193978184071e-14 -0.9238795325112874
vn -0.3826834323650907 1.2169085183977433e-14 0.9238795325112864
usemtl m_9f0644a0-2da8-f390-2185-b3d7ebc95f46
f 25/73/19 26/74/19 27/75/19 28/76/19
f 29/77/20 25/78/20 28/79/20 30/80/20
f 31/81/21 29/82/21 30/83/21 32/84/21
f 26/85/22 31/86/22 32/87/22 27/88/22
f 32/89/23 30/90/23 28/91/23 27/92/23
f 26/93/24 25/94/24 29/95/24 31/96/24
o flapRight
v -1.2990680304486784 0.06250000000000222 -1.3683999992544287
v -1.270341363831717 0.06250000000000244 -1.3925045346176739
v -0.9087733333830385 0.0625 -0.9616045353632486
v -0.9374999999999999 0.06249999999999978 -0.9375000000000037
v -1.2990680304486795 1.0625000000000022 -1.3683999992544218
v -0.937500000000001 1.0624999999999998 -0.9374999999999968
v -1.2703413638317183 1.0625000000000024 -1.3925045346176668
v -0.9087733333830397 1.0625 -0.9616045353632418
vt 0.5859375 0.15625
vt 0.59375 0.15625
vt 0.59375 0.25
vt 0.5859375 0.25
vt 0 0.2265625
vt 0.125 0.2265625
vt 0.125 0.296875
vt 0 0.296875
vt 0.6015625 0.15625
vt 0.609375 0.15625
vt 0.609375 0.25
vt 0.6015625 0.25
vt 0.1328125 0.2265625
vt 0.2578125 0.2265625
vt 0.2578125 0.296875
vt 0.1328125 0.296875
vt 0.5625 0.25
vt 0.5546875 0.25
vt 0.5546875 0.125
vt 0.5625 0.125
vt 0.578125 0.125
vt 0.5703125 0.125
vt 0.5703125 0.25
vt 0.578125 0.25
vn 1.7447783229003781e-15 -1 -7.132389698941083e-15
vn -0.766044443118978 -5.275033324786985e-15 0.6427876096865396
vn -1.7447783229004164e-15 1 7.132389698941118e-15
vn 0.7660444431189778 5.587856881357909e-15 -0.6427876096865397
vn 0.64278760968654 -4.55943153602576e-15 0.7660444431189776
vn -0.642787609686542 4.559431536025733e-15 -0.7660444431189758
usemtl m_9f0644a0-2da8-f390-2185-b3d7ebc95f46
f 33/97/25 34/98/25 35/99/25 36/100/25
f 37/101/26 33/102/26 36/103/26 38/104/26
f 39/105/27 37/106/27 38/107/27 40/108/27
f 34/109/28 39/110/28 40/111/28 35/112/28
f 40/113/29 38/114/29 36/115/29 35/116/29
f 34/117/30 33/118/30 37/119/30 39/120/30